"pages","sectionidb191526976753419706482div1textdiv1table1tbody1tr1td1table1tbody1tr1td1table1tbody1tr1td1textselftext","","","","","",""
"15.html","|","|","|","|","|","|","|"
