"pages","dividshipdeckplanwrpprecedingsiblingbr1textselftext","divid6691427b89b44807bf2ebc684dad0e5ediv1div1div1p1strong1followingsiblingtext1selftext","divida19a2f7797874be18a0d9c5d582da6f9div1div1div1p1textselftext","divide4657ebfd09e4254aba4915bcc162b26div1div1div1p1strong1followingsiblingtext1selftext","sectionidtabletportraitprecedingsiblingprecedingsiblingdiv1precedingsiblingtextselftext","sectionidspan1p1textselftext"
"4.html","Usa il piano nave per selezionare la tua cabina ideale. Il piano ti consente di individuare i luoghi, mentre i colori distinguono la categoria della cabina.","","Con l'aiuto di partner di prestigio quali Chicco, LEGO� e Namco�, abbiamo creato una serie di nuove aree di gioco per bambini e adolescenti di qualsiasi et�, come l'eccitante parco acquatico con divertenti giochi d'acqua.","","Utilizziamo i cookie per rendere sempre migliore la tua esperienza d'uso sul nostro sito. Continuando a navigare sul sito, accetti l'utilizzo dei cookie.",""
"3.html","","","","","Utilizziamo i cookie per rendere sempre migliore la tua esperienza d'uso sul nostro sito. Continuando a navigare sul sito, accetti l'utilizzo dei cookie.",""
"2.html","","","","","Utilizziamo i cookie per rendere sempre migliore la tua esperienza d'uso sul nostro sito. Continuando a navigare sul sito, accetti l'utilizzo dei cookie.",""
"1.html","","� stata migliorata per offrire pi� spazio per i suoi tradizionali","",",","Utilizziamo i cookie per rendere sempre migliore la tua esperienza d'uso sul nostro sito. Continuando a navigare sul sito, accetti l'utilizzo dei cookie.","Usa il piano nave per selezionare la tua cabina ideale. Il piano ti consente di individuare i luoghi, mentre i colori distinguono la categoria della cabina."
